local awaitRef = {}
local objects = {}
local coroutines = {}

local item = {
	id = 0;
	type = "Model";
	children = {
		[1] = {
			id = 1;
			type = "Model";
			children = {
				[1] = {
					id = 2;
					type = "Model";
					children = {
						[1] = {
							id = 3;
							type = "Model";
							children = {
								[1] = {
									id = 4;
									type = "Model";
									children = {
										[1] = {
											id = 5;
											type = "Part";
											children = {};
											properties = {
												BottomSurface = Enum.SurfaceType.Smooth;
												Color = Color3.new(0.0156863, 0.686275, 0.92549);
												Anchored = true;
												Rotation = Vector3.new(0, -60, 0);
												Parent = {
													[1] = 4;
												};
												Name = "Part1011";
												TopSurface = Enum.SurfaceType.Smooth;
												BrickColor = BrickColor.new("Cyan");
												Material = Enum.Material.ForceField;
												CFrame = CFrame.new(-237.8405, 64.2788467, -52.793087, 0.500000119, 0, -0.866025627, 0, 1, 0, 0.866025627, 0, 0.500000119);
												Size = Vector3.new(0.8431152105331421, 144.9844970703125, 16.50640869140625);
											};
										};
										[2] = {
											id = 6;
											type = "Part";
											children = {};
											properties = {
												BottomSurface = Enum.SurfaceType.Smooth;
												Color = Color3.new(0.0156863, 0.686275, 0.92549);
												Anchored = true;
												Rotation = Vector3.new(180, 40.880001068115234, 180);
												Parent = {
													[1] = 4;
												};
												Name = "Part1012";
												TopSurface = Enum.SurfaceType.Smooth;
												BrickColor = BrickColor.new("Cyan");
												Material = Enum.Material.ForceField;
												CFrame = CFrame.new(-169.948685, 64.2788391, 38.1953888, -0.756079733, 0, 0.65447998, 0, 1, 0, -0.65447998, 0, -0.756079733);
												Size = Vector3.new(0.8003429174423218, 144.9844970703125, 19.179330825805664);
											};
										};
										[3] = {
											id = 7;
											type = "Part";
											children = {};
											properties = {
												BottomSurface = Enum.SurfaceType.Smooth;
												Color = Color3.new(0.0156863, 0.686275, 0.92549);
												Anchored = true;
												Rotation = Vector3.new(180, 25, 180);
												Parent = {
													[1] = 4;
												};
												Name = "Part1013";
												TopSurface = Enum.SurfaceType.Smooth;
												BrickColor = BrickColor.new("Cyan");
												Material = Enum.Material.ForceField;
												CFrame = CFrame.new(-161.64006, 64.2788391, 26.5351048, -0.906308055, 0, 0.422618449, 0, 1, 0, -0.422618449, 0, -0.906308055);
												Size = Vector3.new(0.800000011920929, 144.9844970703125, 12.400468826293945);
											};
										};
										[4] = {
											id = 8;
											type = "Part";
											children = {};
											properties = {
												BottomSurface = Enum.SurfaceType.Smooth;
												Color = Color3.new(0.0156863, 0.686275, 0.92549);
												Anchored = true;
												Parent = {
													[1] = 4;
												};
												Rotation = Vector3.new(180, 15, 180);
												TopSurface = Enum.SurfaceType.Smooth;
												BrickColor = BrickColor.new("Cyan");
												Size = Vector3.new(0.5333548784255981, 144.65635681152344, 9.875890731811523);
												Name = "Part1014";
												Material = Enum.Material.ForceField;
												CFrame = CFrame.new(-156.417068, 64.2788391, 13.0253582, -0.965926051, 0, 0.258819193, 0, 1, 0, -0.258819193, 0, -0.965926051);
												PivotOffset = CFrame.new(0, 0.328178287, 0, 1, 0, 0, 0, 1, 0, 0, 0, 1);
											};
										};
										[5] = {
											id = 9;
											type = "Part";
											children = {};
											properties = {
												BottomSurface = Enum.SurfaceType.Smooth;
												Color = Color3.new(0.0156863, 0.686275, 0.92549);
												Anchored = true;
												Rotation = Vector3.new(180, 0, 180);
												Parent = {
													[1] = 4;
												};
												Name = "Part1015";
												TopSurface = Enum.SurfaceType.Smooth;
												BrickColor = BrickColor.new("Cyan");
												Material = Enum.Material.ForceField;
												CFrame = CFrame.new(-155.38385, 64.2788391, -6.84707975, -1.00000024, 0, 0, 0, 1, 0, 0, 0, -1.00000024);
												Size = Vector3.new(0.800000011920929, 144.9844970703125, 6.514422416687012);
											};
										};
										[6] = {
											id = 10;
											type = "Part";
											children = {};
											properties = {
												BottomSurface = Enum.SurfaceType.Smooth;
												Color = Color3.new(0.0156863, 0.686275, 0.92549);
												Anchored = true;
												Rotation = Vector3.new(180, -15, 180);
												Parent = {
													[1] = 4;
												};
												Name = "Part1016";
												TopSurface = Enum.SurfaceType.Smooth;
												BrickColor = BrickColor.new("Cyan");
												Material = Enum.Material.ForceField;
												CFrame = CFrame.new(-156.980713, 64.2788391, -12.5787878, -0.96592617, 0, -0.258819073, 0, 1, 0, 0.258819073, 0, -0.96592617);
												Size = Vector3.new(0.8003429174423218, 144.9844970703125, 19.179330825805664);
											};
										};
										[7] = {
											id = 11;
											type = "Part";
											children = {};
											properties = {
												BottomSurface = Enum.SurfaceType.Smooth;
												Color = Color3.new(0.0156863, 0.686275, 0.92549);
												Anchored = true;
												Rotation = Vector3.new(180, -30, 180);
												Parent = {
													[1] = 4;
												};
												Name = "Part1017";
												TopSurface = Enum.SurfaceType.Smooth;
												BrickColor = BrickColor.new("Cyan");
												Material = Enum.Material.ForceField;
												CFrame = CFrame.new(-164.03511, 64.2788391, -29.0283566, -0.866025627, 0, -0.500000119, 0, 1, 0, 0.500000119, 0, -0.866025627);
												Size = Vector3.new(0.8003429174423218, 144.9844970703125, 19.179330825805664);
											};
										};
										[8] = {
											id = 12;
											type = "Part";
											children = {};
											properties = {
												BottomSurface = Enum.SurfaceType.Smooth;
												Color = Color3.new(0.0156863, 0.686275, 0.92549);
												Anchored = true;
												Rotation = Vector3.new(180, -50, 180);
												Parent = {
													[1] = 4;
												};
												Name = "Part1018";
												TopSurface = Enum.SurfaceType.Smooth;
												BrickColor = BrickColor.new("Cyan");
												Material = Enum.Material.ForceField;
												CFrame = CFrame.new(-175.592789, 64.2788391, -43.0443573, -0.642787933, 0, -0.766044676, 0, 1, 0, 0.766044676, 0, -0.642787933);
												Size = Vector3.new(0.8003429174423218, 144.9844970703125, 19.179330825805664);
											};
										};
										[9] = {
											id = 13;
											type = "Part";
											children = {};
											properties = {
												BottomSurface = Enum.SurfaceType.Smooth;
												Color = Color3.new(0.0156863, 0.686275, 0.92549);
												Anchored = true;
												Rotation = Vector3.new(180, -65, 180);
												Parent = {
													[1] = 4;
												};
												Name = "Part1019";
												TopSurface = Enum.SurfaceType.Smooth;
												BrickColor = BrickColor.new("Cyan");
												Material = Enum.Material.ForceField;
												CFrame = CFrame.new(-189.92865, 64.2788467, -52.5606689, -0.422618449, 0, -0.906308055, 0, 1, 0, 0.906308055, 0, -0.422618449);
												Size = Vector3.new(0.8003429174423218, 144.9844970703125, 17.206369400024414);
											};
										};
										[10] = {
											id = 14;
											type = "Part";
											children = {};
											properties = {
												BottomSurface = Enum.SurfaceType.Smooth;
												Color = Color3.new(0.0156863, 0.686275, 0.92549);
												Anchored = true;
												Rotation = Vector3.new(180, -80, 180);
												Parent = {
													[1] = 4;
												};
												Name = "Part1020";
												TopSurface = Enum.SurfaceType.Smooth;
												BrickColor = BrickColor.new("Cyan");
												Material = Enum.Material.ForceField;
												CFrame = CFrame.new(-204.030151, 64.2788467, -57.3398323, -0.173648238, 0, -0.984807611, 0, 1, 0, 0.984807611, 0, -0.173648238);
												Size = Vector3.new(0.8431152105331421, 144.9844970703125, 13.084400177001953);
											};
										};
										[11] = {
											id = 15;
											type = "Part";
											children = {};
											properties = {
												BottomSurface = Enum.SurfaceType.Smooth;
												Color = Color3.new(0.0156863, 0.686275, 0.92549);
												Anchored = true;
												Rotation = Vector3.new(0, -74.9990005493164, 0);
												Parent = {
													[1] = 4;
												};
												Name = "Part1021";
												TopSurface = Enum.SurfaceType.Smooth;
												BrickColor = BrickColor.new("Cyan");
												Material = Enum.Material.ForceField;
												CFrame = CFrame.new(-227.964523, 64.2788467, -56.3425102, 0.258818209, 0, -0.965922832, 0, 1, 0, 0.965922832, 0, 0.258818209);
												Size = Vector3.new(0.8431152105331421, 144.9844970703125, 16.50640869140625);
											};
										};
										[12] = {
											id = 16;
											type = "Part";
											children = {};
											properties = {
												BottomSurface = Enum.SurfaceType.Smooth;
												Color = Color3.new(0.0156863, 0.686275, 0.92549);
												Anchored = true;
												Rotation = Vector3.new(0, -89.9260025024414, 0);
												Parent = {
													[1] = 4;
												};
												Name = "Part1022";
												TopSurface = Enum.SurfaceType.Smooth;
												BrickColor = BrickColor.new("Cyan");
												Material = Enum.Material.ForceField;
												CFrame = CFrame.new(-215.082748, 64.2788467, -58.3549156, 0, 0, -0.999999166, 0, 1, 0, 0.999999166, 0, 0);
												Size = Vector3.new(0.8431152105331421, 144.9844970703125, 9.811484336853027);
											};
										};
										[13] = {
											id = 17;
											type = "Part";
											children = {};
											properties = {
												BottomSurface = Enum.SurfaceType.Smooth;
												Color = Color3.new(0.0156863, 0.686275, 0.92549);
												Anchored = true;
												Rotation = Vector3.new(0, -40, 0);
												Parent = {
													[1] = 4;
												};
												Name = "Part1023";
												TopSurface = Enum.SurfaceType.Smooth;
												BrickColor = BrickColor.new("Cyan");
												Material = Enum.Material.ForceField;
												CFrame = CFrame.new(-257.846191, 64.2788467, -37.5030594, 0.766044676, 0, -0.642787874, 0, 1, 0, 0.642787874, 0, 0.766044676);
												Size = Vector3.new(0.8431152105331421, 144.9844970703125, 19.005483627319336);
											};
										};
										[14] = {
											id = 18;
											type = "Part";
											children = {};
											properties = {
												BottomSurface = Enum.SurfaceType.Smooth;
												Color = Color3.new(0.0156863, 0.686275, 0.92549);
												Anchored = true;
												Rotation = Vector3.new(180, 40, 180);
												Parent = {
													[1] = 4;
												};
												Name = "Part1024";
												TopSurface = Enum.SurfaceType.Smooth;
												BrickColor = BrickColor.new("Cyan");
												Material = Enum.Material.ForceField;
												CFrame = CFrame.new(-169.502838, 64.2788467, 37.8162155, -0.766044557, 0, 0.642787755, 0, 1, 0, -0.642787755, 0, -0.766044557);
												Size = Vector3.new(0.8431152105331421, 144.9844970703125, 19.005483627319336);
											};
										};
										[15] = {
											id = 19;
											type = "Part";
											children = {};
											properties = {
												BottomSurface = Enum.SurfaceType.Smooth;
												Color = Color3.new(0.0156863, 0.686275, 0.92549);
												Anchored = true;
												Rotation = Vector3.new(180, 60, 180);
												Parent = {
													[1] = 4;
												};
												Name = "Part1025";
												TopSurface = Enum.SurfaceType.Smooth;
												BrickColor = BrickColor.new("Cyan");
												Material = Enum.Material.ForceField;
												CFrame = CFrame.new(-183.640106, 64.2788467, 49.766304, -0.500000119, 0, 0.866025627, 0, 1, 0, -0.866025627, 0, -0.500000119);
												Size = Vector3.new(0.8431152105331421, 144.9844970703125, 19.005483627319336);
											};
										};
										[16] = {
											id = 20;
											type = "Part";
											children = {};
											properties = {
												BottomSurface = Enum.SurfaceType.Smooth;
												Color = Color3.new(0.0156863, 0.686275, 0.92549);
												Anchored = true;
												Rotation = Vector3.new(0, 89.9209976196289, 0);
												Parent = {
													[1] = 4;
												};
												Name = "Part1026";
												TopSurface = Enum.SurfaceType.Smooth;
												BrickColor = BrickColor.new("Cyan");
												Material = Enum.Material.ForceField;
												CFrame = CFrame.new(-212.266281, 64.2788467, 58.6680717, 5.96046448e-08, 0, 0.999999046, 0, 1, 0, -0.999999046, 0, 5.96046448e-08);
												Size = Vector3.new(0.8431152105331421, 144.9844970703125, 9.811484336853027);
											};
										};
										[17] = {
											id = 21;
											type = "Part";
											children = {};
											properties = {
												BottomSurface = Enum.SurfaceType.Smooth;
												Color = Color3.new(0.0156863, 0.686275, 0.92549);
												Anchored = true;
												Rotation = Vector3.new(0, 80, 0);
												Parent = {
													[1] = 4;
												};
												Name = "Part1027";
												TopSurface = Enum.SurfaceType.Smooth;
												BrickColor = BrickColor.new("Cyan");
												Material = Enum.Material.ForceField;
												CFrame = CFrame.new(-223.318878, 64.2788467, 57.6529884, 0.173648208, 0, 0.984807551, 0, 1, 0, -0.984807551, 0, 0.173648208);
												Size = Vector3.new(0.8431152105331421, 144.9844970703125, 13.084400177001953);
											};
										};
										[18] = {
											id = 22;
											type = "Part";
											children = {};
											properties = {
												BottomSurface = Enum.SurfaceType.Smooth;
												Color = Color3.new(0.0156863, 0.686275, 0.92549);
												Anchored = true;
												Rotation = Vector3.new(0, 65, 0);
												Parent = {
													[1] = 4;
												};
												Name = "Part1028";
												TopSurface = Enum.SurfaceType.Smooth;
												BrickColor = BrickColor.new("Cyan");
												Material = Enum.Material.ForceField;
												CFrame = CFrame.new(-237.42038, 64.2788467, 52.8738251, 0.422618359, 0, 0.906307817, 0, 1, 0, -0.906307817, 0, 0.422618359);
												Size = Vector3.new(0.8003429174423218, 144.9844970703125, 17.206369400024414);
											};
										};
										[19] = {
											id = 23;
											type = "Part";
											children = {};
											properties = {
												BottomSurface = Enum.SurfaceType.Smooth;
												Color = Color3.new(0.0156863, 0.686275, 0.92549);
												Anchored = true;
												Rotation = Vector3.new(180, 74.9990005493164, 180);
												Parent = {
													[1] = 4;
												};
												Name = "Part1029";
												TopSurface = Enum.SurfaceType.Smooth;
												BrickColor = BrickColor.new("Cyan");
												Material = Enum.Material.ForceField;
												CFrame = CFrame.new(-199.384491, 64.2788467, 56.6556664, -0.258818209, 0, 0.965922654, 0, 1, 0, -0.965922654, 0, -0.258818209);
												Size = Vector3.new(0.8431152105331421, 144.9844970703125, 16.50640869140625);
											};
										};
										[20] = {
											id = 24;
											type = "Part";
											children = {};
											properties = {
												BottomSurface = Enum.SurfaceType.Smooth;
												Color = Color3.new(0.0156863, 0.686275, 0.92549);
												Anchored = true;
												Rotation = Vector3.new(0, 50, 0);
												Parent = {
													[1] = 4;
												};
												Name = "Part1030";
												TopSurface = Enum.SurfaceType.Smooth;
												BrickColor = BrickColor.new("Cyan");
												Material = Enum.Material.ForceField;
												CFrame = CFrame.new(-251.756226, 64.2788391, 43.3575134, 0.642787814, 0, 0.766044617, 0, 1, 0, -0.766044617, 0, 0.642787814);
												Size = Vector3.new(0.8003429174423218, 144.9844970703125, 19.179330825805664);
											};
										};
										[21] = {
											id = 25;
											type = "Part";
											children = {};
											properties = {
												BottomSurface = Enum.SurfaceType.Smooth;
												Color = Color3.new(0.0156863, 0.686275, 0.92549);
												Anchored = true;
												Rotation = Vector3.new(0, 30, 0);
												Parent = {
													[1] = 4;
												};
												Name = "Part1031";
												TopSurface = Enum.SurfaceType.Smooth;
												BrickColor = BrickColor.new("Cyan");
												Material = Enum.Material.ForceField;
												CFrame = CFrame.new(-263.313904, 64.2788391, 29.3415127, 0.866025507, 0, 0.50000006, 0, 1, 0, -0.50000006, 0, 0.866025507);
												Size = Vector3.new(0.8003429174423218, 144.9844970703125, 19.179330825805664);
											};
										};
										[22] = {
											id = 26;
											type = "Part";
											children = {};
											properties = {
												BottomSurface = Enum.SurfaceType.Smooth;
												Color = Color3.new(0.0156863, 0.686275, 0.92549);
												Anchored = true;
												Rotation = Vector3.new(0, 15, 0);
												Parent = {
													[1] = 4;
												};
												Name = "Part1032";
												TopSurface = Enum.SurfaceType.Smooth;
												BrickColor = BrickColor.new("Cyan");
												Material = Enum.Material.ForceField;
												CFrame = CFrame.new(-270.368286, 64.2788391, 12.8919592, 0.965925992, 0, 0.258819044, 0, 1, 0, -0.258819044, 0, 0.965925992);
												Size = Vector3.new(0.8003429174423218, 144.9844970703125, 19.179330825805664);
											};
										};
										[23] = {
											id = 27;
											type = "Part";
											children = {};
											properties = {
												BottomSurface = Enum.SurfaceType.Smooth;
												Color = Color3.new(0.0156863, 0.686275, 0.92549);
												Anchored = true;
												Parent = {
													[1] = 4;
												};
												BrickColor = BrickColor.new("Cyan");
												TopSurface = Enum.SurfaceType.Smooth;
												Name = "Part1033";
												Material = Enum.Material.ForceField;
												CFrame = CFrame.new(-271.965149, 64.2788391, 0.827792764, 1.00000012, 0, -2.98023224e-08, 0, 1, 0, 2.98023224e-08, 0, 1.00000012);
												Size = Vector3.new(0.8003429174423218, 144.9844970703125, 19.179330825805664);
											};
										};
										[24] = {
											id = 28;
											type = "Part";
											children = {};
											properties = {
												BottomSurface = Enum.SurfaceType.Smooth;
												Color = Color3.new(0.0156863, 0.686275, 0.92549);
												Anchored = true;
												Parent = {
													[1] = 4;
												};
												Rotation = Vector3.new(0, -15, 0);
												TopSurface = Enum.SurfaceType.Smooth;
												BrickColor = BrickColor.new("Cyan");
												Size = Vector3.new(0.8003429174423218, 144.9844970703125, 19.179330825805664);
												Name = "Part1034";
												Material = Enum.Material.ForceField;
												CFrame = CFrame.new(-270.858032, 64.2788391, -12.9880981, 0.965925932, 0, -0.258819193, 0, 1, 0, 0.258819193, 0, 0.965925932);
												PivotOffset = CFrame.new(0, 0.492247581, 0, 1, 0, 0, 0, 1, 0, 0, 0, 1);
											};
										};
										[25] = {
											id = 29;
											type = "Part";
											children = {};
											properties = {
												BottomSurface = Enum.SurfaceType.Smooth;
												Color = Color3.new(0.0156863, 0.686275, 0.92549);
												Anchored = true;
												Rotation = Vector3.new(0, -25, 0);
												Parent = {
													[1] = 4;
												};
												Name = "Part1035";
												TopSurface = Enum.SurfaceType.Smooth;
												BrickColor = BrickColor.new("Cyan");
												Material = Enum.Material.ForceField;
												CFrame = CFrame.new(-267.141388, 64.2788391, -23.1500778, 0.906307817, 0, -0.422618359, 0, 1, 0, 0.422618359, 0, 0.906307817);
												Size = Vector3.new(0.8003429174423218, 144.9844970703125, 19.179330825805664);
											};
										};
									};
									properties = {
										WorldPivot = CFrame.new(-213.67453, -7.72115755, 0.156585693, -1.00000024, 0, 0, 0, 1, 0, 0, 0, -1.00000024);
										Name = "Model1008";
										Parent = {
											[1] = 3;
										};
									};
								};
								[2] = {
									id = 30;
									type = "Part";
									children = {};
									properties = {
										BottomSurface = Enum.SurfaceType.Smooth;
										Color = Color3.new(0.0156863, 0.686275, 0.92549);
										Anchored = true;
										Rotation = Vector3.new(0, -40.880001068115234, 0);
										Parent = {
											[1] = 3;
										};
										Name = "Part1009";
										TopSurface = Enum.SurfaceType.Smooth;
										BrickColor = BrickColor.new("Cyan");
										Material = Enum.Material.ForceField;
										CFrame = CFrame.new(-257.40033, 64.2788391, -37.8822021, 0.756079674, 0, -0.654479921, 0, 1, 0, 0.654479921, 0, 0.756079674);
										Size = Vector3.new(0.8003429174423218, 144.9844970703125, 19.179330825805664);
									};
								};
								[3] = {
									id = 31;
									type = "Part";
									children = {};
									properties = {
										BottomSurface = Enum.SurfaceType.Smooth;
										Color = Color3.new(0.0156863, 0.686275, 0.92549);
										Anchored = true;
										Rotation = Vector3.new(0, -55.880001068115234, 0);
										Parent = {
											[1] = 3;
										};
										Name = "Part1010";
										TopSurface = Enum.SurfaceType.Smooth;
										BrickColor = BrickColor.new("Cyan");
										Material = Enum.Material.ForceField;
										CFrame = CFrame.new(-248.855255, 64.2788391, -45.6265793, 0.560924828, 0, -0.827866614, 0, 1, 0, 0.827866614, 0, 0.560924828);
										Size = Vector3.new(0.8003429174423218, 144.9844970703125, 19.179330825805664);
									};
								};
							};
							properties = {
								WorldPivot = CFrame.new(-213.67453, -7.72115755, 0.156585693, -1.00000024, 0, 0, 0, 1, 0, 0, 0, -1.00000024);
								Name = "Model1006";
								Parent = {
									[1] = 2;
								};
							};
						};
						[2] = {
							id = 32;
							type = "Part";
							children = {};
							properties = {
								BottomSurface = Enum.SurfaceType.Smooth;
								Color = Color3.new(0.0156863, 0.686275, 0.92549);
								Anchored = true;
								Rotation = Vector3.new(0, -15, 0);
								Parent = {
									[1] = 2;
								};
								Name = "Part1007";
								TopSurface = Enum.SurfaceType.Smooth;
								BrickColor = BrickColor.new("Cyan");
								Material = Enum.Material.ForceField;
								CFrame = CFrame.new(-270.858032, 64.2788391, -12.9880981, 0.965925932, 0, -0.258819193, 0, 1, 0, 0.258819193, 0, 0.965925932);
								Size = Vector3.new(0.8003429174423218, 144.9844970703125, 19.179330825805664);
							};
						};
					};
					properties = {
						WorldPivot = CFrame.new(-213.67453, -7.72115755, 0.156585693, -1, 0, 0, 0, 1, 0, 0, 0, -1);
						Name = "Model959";
						Parent = {
							[1] = 1;
						};
					};
				};
				[2] = {
					id = 33;
					type = "Model";
					children = {
						[1] = {
							id = 34;
							type = "Model";
							children = {
								[1] = {
									id = 35;
									type = "Model";
									children = {
										[1] = {
											id = 36;
											type = "Part";
											children = {};
											properties = {
												BottomSurface = Enum.SurfaceType.Smooth;
												Color = Color3.new(0.0156863, 0.686275, 0.92549);
												Anchored = true;
												Rotation = Vector3.new(180, 80.87999725341797, 180);
												Parent = {
													[1] = 35;
												};
												Name = "Part1040";
												TopSurface = Enum.SurfaceType.Smooth;
												BrickColor = BrickColor.new("Cyan");
												Material = Enum.Material.ForceField;
												CFrame = CFrame.new(4.29735565, 64.4327087, 268.667084, -0.158499137, 0, 0.987359285, 0, 1, 0, -0.987359285, 0, -0.158499137);
												Size = Vector3.new(0.8129475116729736, 145, 19.481386184692383);
											};
										};
										[2] = {
											id = 37;
											type = "Part";
											children = {};
											properties = {
												BottomSurface = Enum.SurfaceType.Smooth;
												Color = Color3.new(0.0156863, 0.686275, 0.92549);
												Anchored = true;
												Rotation = Vector3.new(180, 65, 180);
												Parent = {
													[1] = 35;
												};
												Name = "Part1041";
												TopSurface = Enum.SurfaceType.Smooth;
												BrickColor = BrickColor.new("Cyan");
												Material = Enum.Material.ForceField;
												CFrame = CFrame.new(21.4957256, 64.4327164, 263.563904, -0.42261833, 0, 0.906307876, 0, 1, 0, -0.906307876, 0, -0.42261833);
												Size = Vector3.new(0.8129475116729736, 145, 19.481386184692383);
											};
										};
										[3] = {
											id = 38;
											type = "Part";
											children = {};
											properties = {
												BottomSurface = Enum.SurfaceType.Smooth;
												Color = Color3.new(0.0156863, 0.686275, 0.92549);
												Anchored = true;
												Parent = {
													[1] = 35;
												};
												Rotation = Vector3.new(180, 55, 180);
												TopSurface = Enum.SurfaceType.Smooth;
												BrickColor = BrickColor.new("Cyan");
												Size = Vector3.new(0.8129475116729736, 145, 19.481386184692383);
												Name = "Part1042";
												Material = Enum.Material.ForceField;
												CFrame = CFrame.new(31.0225334, 64.4327164, 258.083405, -0.57357651, 0, 0.819152176, 0, 1, 0, -0.819152176, 0, -0.57357651);
												PivotOffset = CFrame.new(0, 0.5, 0, 1, 0, 0, 0, 1, 0, 0, 0, 1);
											};
										};
										[4] = {
											id = 39;
											type = "Part";
											children = {};
											properties = {
												BottomSurface = Enum.SurfaceType.Smooth;
												Color = Color3.new(0.0156863, 0.686275, 0.92549);
												Anchored = true;
												Rotation = Vector3.new(180, 40, 180);
												Parent = {
													[1] = 35;
												};
												Name = "Part1043";
												TopSurface = Enum.SurfaceType.Smooth;
												BrickColor = BrickColor.new("Cyan");
												Material = Enum.Material.ForceField;
												CFrame = CFrame.new(40.9045372, 64.4327164, 248.056015, -0.766044617, 0, 0.642787635, 0, 1, 0, -0.642787635, 0, -0.766044617);
												Size = Vector3.new(0.8129475116729736, 145, 19.481386184692383);
											};
										};
										[5] = {
											id = 40;
											type = "Part";
											children = {};
											properties = {
												BottomSurface = Enum.SurfaceType.Smooth;
												Color = Color3.new(0.0156863, 0.686275, 0.92549);
												Anchored = true;
												Rotation = Vector3.new(180, 25, 180);
												Parent = {
													[1] = 35;
												};
												Name = "Part1044";
												TopSurface = Enum.SurfaceType.Smooth;
												BrickColor = BrickColor.new("Cyan");
												Material = Enum.Material.ForceField;
												CFrame = CFrame.new(47.5388298, 64.4327164, 237.62616, -0.906307936, 0, 0.42261827, 0, 1, 0, -0.42261827, 0, -0.906307936);
												Size = Vector3.new(0.8129475116729736, 145, 19.481386184692383);
											};
										};
										[6] = {
											id = 41;
											type = "Part";
											children = {};
											properties = {
												BottomSurface = Enum.SurfaceType.Smooth;
												Color = Color3.new(0.0156863, 0.686275, 0.92549);
												Anchored = true;
												Rotation = Vector3.new(180, 10, 180);
												Parent = {
													[1] = 35;
												};
												Name = "Part1045";
												TopSurface = Enum.SurfaceType.Smooth;
												BrickColor = BrickColor.new("Cyan");
												Material = Enum.Material.ForceField;
												CFrame = CFrame.new(52.789856, 64.4327164, 220.220718, -0.984807849, 0, 0.173648134, 0, 1, 0, -0.173648134, 0, -0.984807849);
												Size = Vector3.new(0.8129475116729736, 145, 19.481386184692383);
											};
										};
										[7] = {
											id = 42;
											type = "Part";
											children = {};
											properties = {
												BottomSurface = Enum.SurfaceType.Smooth;
												Color = Color3.new(0.0156863, 0.686275, 0.92549);
												Anchored = true;
												Rotation = Vector3.new(180, -10, 180);
												Parent = {
													[1] = 35;
												};
												Name = "Part1046";
												TopSurface = Enum.SurfaceType.Smooth;
												BrickColor = BrickColor.new("Cyan");
												Material = Enum.Material.ForceField;
												CFrame = CFrame.new(52.9479218, 64.4327164, 201.768616, -0.984807968, 0, -0.173648223, 0, 1, 0, 0.173648223, 0, -0.984807968);
												Size = Vector3.new(0.8129475116729736, 145, 19.481386184692383);
											};
										};
										[8] = {
											id = 43;
											type = "Part";
											children = {};
											properties = {
												BottomSurface = Enum.SurfaceType.Smooth;
												Color = Color3.new(0.0156863, 0.686275, 0.92549);
												Anchored = true;
												Rotation = Vector3.new(180, -25, 180);
												Parent = {
													[1] = 35;
												};
												Name = "Part1047";
												TopSurface = Enum.SurfaceType.Smooth;
												BrickColor = BrickColor.new("Cyan");
												Material = Enum.Material.ForceField;
												CFrame = CFrame.new(48.0063629, 64.4327164, 185.00386, -0.906307876, 0, -0.42261833, 0, 1, 0, 0.42261833, 0, -0.906307876);
												Size = Vector3.new(0.8129475116729736, 145, 17.477352142333984);
											};
										};
										[9] = {
											id = 44;
											type = "Part";
											children = {};
											properties = {
												BottomSurface = Enum.SurfaceType.Smooth;
												Color = Color3.new(0.0156863, 0.686275, 0.92549);
												Anchored = true;
												Rotation = Vector3.new(180, -40, 180);
												Parent = {
													[1] = 35;
												};
												Name = "Part1048";
												TopSurface = Enum.SurfaceType.Smooth;
												BrickColor = BrickColor.new("Cyan");
												Material = Enum.Material.ForceField;
												CFrame = CFrame.new(40.1542282, 64.4327164, 172.078125, -0.766044259, 0, -0.642787457, 0, 1, 0, 0.642787457, 0, -0.766044259);
												Size = Vector3.new(0.8563934564590454, 145, 13.29046630859375);
											};
										};
										[10] = {
											id = 45;
											type = "Part";
											children = {};
											properties = {
												BottomSurface = Enum.SurfaceType.Smooth;
												Color = Color3.new(0.0156863, 0.686275, 0.92549);
												Anchored = true;
												Rotation = Vector3.new(180, -65, 180);
												Parent = {
													[1] = 35;
												};
												Name = "Part1049";
												TopSurface = Enum.SurfaceType.Smooth;
												BrickColor = BrickColor.new("Cyan");
												Material = Enum.Material.ForceField;
												CFrame = CFrame.new(20.8795128, 64.4327164, 157.227142, -0.42261681, 0, -0.906304836, 0, 1, 0, 0.906304836, 0, -0.42261681);
												Size = Vector3.new(0.8563934564590454, 145, 16.766368865966797);
											};
										};
										[11] = {
											id = 46;
											type = "Part";
											children = {};
											properties = {
												BottomSurface = Enum.SurfaceType.Smooth;
												Color = Color3.new(0.0156863, 0.686275, 0.92549);
												Anchored = true;
												Rotation = Vector3.new(180, -50, 180);
												Parent = {
													[1] = 35;
												};
												Name = "Part1050";
												TopSurface = Enum.SurfaceType.Smooth;
												BrickColor = BrickColor.new("Cyan");
												Material = Enum.Material.ForceField;
												CFrame = CFrame.new(32.2168655, 64.4327164, 164.07193, -0.64278692, 0, -0.766043723, 0, 1, 0, 0.766043723, 0, -0.64278692);
												Size = Vector3.new(0.8563934564590454, 145, 9.966005325317383);
											};
										};
										[12] = {
											id = 47;
											type = "Part";
											children = {};
											properties = {
												BottomSurface = Enum.SurfaceType.Smooth;
												Color = Color3.new(0.0156863, 0.686275, 0.92549);
												Anchored = true;
												Rotation = Vector3.new(0, -80, 0);
												Parent = {
													[1] = 35;
												};
												Name = "Part1051";
												TopSurface = Enum.SurfaceType.Smooth;
												BrickColor = BrickColor.new("Cyan");
												Material = Enum.Material.ForceField;
												CFrame = CFrame.new(-14.6721649, 64.4327164, 152.376221, 0.173648253, 0, -0.984807909, 0, 1, 0, 0.984807909, 0, 0.173648253);
												Size = Vector3.new(0.8563934564590454, 145, 19.30480194091797);
											};
										};
										[13] = {
											id = 48;
											type = "Part";
											children = {};
											properties = {
												BottomSurface = Enum.SurfaceType.Smooth;
												Color = Color3.new(0.0156863, 0.686275, 0.92549);
												Anchored = true;
												Rotation = Vector3.new(180, 80, 180);
												Parent = {
													[1] = 35;
												};
												Name = "Part1052";
												TopSurface = Enum.SurfaceType.Smooth;
												BrickColor = BrickColor.new("Cyan");
												Material = Enum.Material.ForceField;
												CFrame = CFrame.new(4.8918376, 64.4327164, 268.663147, -0.173648238, 0, 0.984807789, 0, 1, 0, -0.984807789, 0, -0.173648238);
												Size = Vector3.new(0.8563934564590454, 145, 19.30480194091797);
											};
										};
										[14] = {
											id = 49;
											type = "Part";
											children = {};
											properties = {
												BottomSurface = Enum.SurfaceType.Smooth;
												Color = Color3.new(0.0156863, 0.686275, 0.92549);
												Anchored = true;
												Rotation = Vector3.new(0, 80, 0);
												Parent = {
													[1] = 35;
												};
												Name = "Part1053";
												TopSurface = Enum.SurfaceType.Smooth;
												BrickColor = BrickColor.new("Cyan");
												Material = Enum.Material.ForceField;
												CFrame = CFrame.new(-13.9108458, 64.4327164, 268.731232, 0.173648104, 0, 0.984807849, 0, 1, 0, -0.984807849, 0, 0.173648104);
												Size = Vector3.new(0.8563934564590454, 145, 19.30480194091797);
											};
										};
										[15] = {
											id = 50;
											type = "Part";
											children = {};
											properties = {
												BottomSurface = Enum.SurfaceType.Smooth;
												Color = Color3.new(0.0156863, 0.686275, 0.92549);
												Anchored = true;
												Rotation = Vector3.new(0, 50, 0);
												Parent = {
													[1] = 35;
												};
												Name = "Part1054";
												TopSurface = Enum.SurfaceType.Smooth;
												BrickColor = BrickColor.new("Cyan");
												Material = Enum.Material.ForceField;
												CFrame = CFrame.new(-41.9971886, 64.4327164, 256.967438, 0.64278686, 0, 0.766043603, 0, 1, 0, -0.766043603, 0, 0.64278686);
												Size = Vector3.new(0.8563934564590454, 145, 9.966005325317383);
											};
										};
										[16] = {
											id = 51;
											type = "Part";
											children = {};
											properties = {
												BottomSurface = Enum.SurfaceType.Smooth;
												Color = Color3.new(0.0156863, 0.686275, 0.92549);
												Anchored = true;
												Rotation = Vector3.new(0, 40, 0);
												Parent = {
													[1] = 35;
												};
												Name = "Part1055";
												TopSurface = Enum.SurfaceType.Smooth;
												BrickColor = BrickColor.new("Cyan");
												Material = Enum.Material.ForceField;
												CFrame = CFrame.new(-49.9345474, 64.4327164, 248.961243, 0.76604414, 0, 0.642787397, 0, 1, 0, -0.642787397, 0, 0.76604414);
												Size = Vector3.new(0.8563934564590454, 145, 13.29046630859375);
											};
										};
										[17] = {
											id = 52;
											type = "Part";
											children = {};
											properties = {
												BottomSurface = Enum.SurfaceType.Smooth;
												Color = Color3.new(0.0156863, 0.686275, 0.92549);
												Anchored = true;
												Rotation = Vector3.new(0, 25, 0);
												Parent = {
													[1] = 35;
												};
												Name = "Part1056";
												TopSurface = Enum.SurfaceType.Smooth;
												BrickColor = BrickColor.new("Cyan");
												Material = Enum.Material.ForceField;
												CFrame = CFrame.new(-57.7866821, 64.4327164, 236.035507, 0.906307757, 0, 0.42261827, 0, 1, 0, -0.42261827, 0, 0.906307757);
												Size = Vector3.new(0.8129475116729736, 145, 17.477352142333984);
											};
										};
										[18] = {
											id = 53;
											type = "Part";
											children = {};
											properties = {
												BottomSurface = Enum.SurfaceType.Smooth;
												Color = Color3.new(0.0156863, 0.686275, 0.92549);
												Anchored = true;
												Rotation = Vector3.new(0, 65, 0);
												Parent = {
													[1] = 35;
												};
												Name = "Part1057";
												TopSurface = Enum.SurfaceType.Smooth;
												BrickColor = BrickColor.new("Cyan");
												Material = Enum.Material.ForceField;
												CFrame = CFrame.new(-30.6598358, 64.4327164, 263.812225, 0.42261675, 0, 0.906304717, 0, 1, 0, -0.906304717, 0, 0.42261675);
												Size = Vector3.new(0.8563934564590454, 145, 16.766368865966797);
											};
										};
										[19] = {
											id = 54;
											type = "Part";
											children = {};
											properties = {
												BottomSurface = Enum.SurfaceType.Smooth;
												Color = Color3.new(0.0156863, 0.686275, 0.92549);
												Anchored = true;
												Rotation = Vector3.new(0, 10, 0);
												Parent = {
													[1] = 35;
												};
												Name = "Part1058";
												TopSurface = Enum.SurfaceType.Smooth;
												BrickColor = BrickColor.new("Cyan");
												Material = Enum.Material.ForceField;
												CFrame = CFrame.new(-62.728241, 64.4327164, 219.270752, 0.984807849, 0, 0.173648208, 0, 1, 0, -0.173648208, 0, 0.984807849);
												Size = Vector3.new(0.8129475116729736, 145, 19.481386184692383);
											};
										};
										[20] = {
											id = 55;
											type = "Part";
											children = {};
											properties = {
												BottomSurface = Enum.SurfaceType.Smooth;
												Color = Color3.new(0.0156863, 0.686275, 0.92549);
												Anchored = true;
												Rotation = Vector3.new(0, -10, 0);
												Parent = {
													[1] = 35;
												};
												Name = "Part1059";
												TopSurface = Enum.SurfaceType.Smooth;
												BrickColor = BrickColor.new("Cyan");
												Material = Enum.Material.ForceField;
												CFrame = CFrame.new(-62.5701752, 64.4327164, 200.818649, 0.98480773, 0, -0.173648119, 0, 1, 0, 0.173648119, 0, 0.98480773);
												Size = Vector3.new(0.8129475116729736, 145, 19.481386184692383);
											};
										};
										[21] = {
											id = 56;
											type = "Part";
											children = {};
											properties = {
												BottomSurface = Enum.SurfaceType.Smooth;
												Color = Color3.new(0.0156863, 0.686275, 0.92549);
